prereg_path: references/pre-registrations/qrb6_cb_event_study.md
prereg_sha256: 08d03614342121f7dcc2e6f95e73e702d1d575253dbd081c97882c3cae7796e9
code_commit: 9d76db4e3d7d1ea0763ea28a3c76771641e38ec2
frozen_at_utc: '2026-06-07T07:46:49.713545+00:00'
trial_id: fa0f982a
master_seed: 387992
K: 10000
sr0_pp: 0.026861
n_sel: 3
dsr_threshold: 0.95
alpha: 0.05
scenario_a_event_days: 506
scenario_b_event_days: 716
post_2015_a: 345
post_2015_b: 491
kill_switch_threshold: 1.5883
spread_z_threshold: 3.0
scipy_required: true
sr0_note: "QRB-6 constants ONLY \u2014 NOT R5 (0.022906) NOT confirmatory (0.034921);\
  \ any runner MUST read THIS receipt"
