prereg_path: references/pre-registrations/qrb6_cb_event_study.md
prereg_sha256: 7438b0a115709ba041126b05c27fb2bdd44335d2b9010709fb253aa4dc9a9758
code_commit: 563c3553f6e87ac66b391b2ce9c1e03782f9a9c3
frozen_at_utc: '2026-06-07T22:20:07.941137+00:00'
trial_id: fa0f982a
master_seed: 387992
K: 10000
sr0_pp: 0.026861
n_sel: 3
dsr_threshold: 0.95
alpha: 0.05
scenario_a_event_days: 506
scenario_b_event_days: 716
post_2015_a: 345
post_2015_b: 491
kill_switch_threshold: 1.5883
spread_z_threshold: 3.0
p_reject_threshold: 0.0378
p_straddle_hi: 0.0422
scipy_required: true
sr0_note: "QRB-6 constants ONLY \u2014 NOT R5 (0.022906) NOT confirmatory (0.034921);\
  \ any runner MUST read THIS receipt"
