prereg_path: references/pre-registrations/r5_carry_universe_kill_test.md
prereg_sha256: c7780f3da6b9b9297e180d68ecec3ad52e722c547fd4ca6a626979ae56830e38
code_commit: 350cbd4b592485f3bd935ec414ee007e63879de5
frozen_at_utc: '2026-06-06T04:00:08.854752+00:00'
master_seed: 576746
K: 5000
sr0_pp: 0.022906
n_elected: 3
dsr_threshold: 0.95
alpha: 0.05
